3.735774834021997615e-01 -3.823836635029637110e-01
-4.529692507659526246e-01 -2.828703018581890660e-02
2.873615382372868288e-01 -3.154514121039698749e-01
-1.832131543627832926e-01 4.891229140028729994e-01
1.007898833588201093e-01 4.118358616559744112e-01
1.660955773257364321e-01 -5.545198358821978868e-02
-1.707682947850018840e-01 1.580937105298134693e-01
-1.143238058337112673e-01 -3.091629345841169219e-01
3.621402430835241049e-02 -2.651706426439183195e-01
-5.885177627909132791e-02 -4.388182685086315926e-01
3.638575850637317810e-01 4.339584412228327803e-01
2.659767622472548609e-01 1.072160454382659056e-01
4.715162968472630389e-03 -3.840805300389777965e-01
7.765012811513316571e-03 1.968780756009329558e-01
1.316133391280315257e-01 1.464522004789937659e-01
-3.606660292442760429e-01 4.406311210620226237e-01
-2.081141269657595938e-01 -3.306259304139684829e-01
3.874267319679792765e-01 -8.530836365449490089e-03
2.560682126309036244e-01 -1.390156366661488008e-02
-2.183015509043113589e-01 2.049676157804246612e-01
-4.748020786067852494e-01 -3.196642921241185098e-01
6.578891369566131075e-03 -2.126956633181675826e-01
1.568244853967408758e-01 1.484336467180155106e-01
2.296519556633408454e-01 2.560320053538822638e-02
3.542404175181317338e-01 -3.176626489033169687e-01
3.710616691143319157e-01 -2.745054536530691092e-01
-1.584131783498846646e-01 -4.796300259557695345e-01
2.939496810654032011e-01 -2.544877727618166663e-02
-3.837715050965622154e-01 4.529395334538168783e-01
-2.569375507311471019e-01 2.092848652220653527e-01
-4.589445098902444897e-02 3.856268693615270138e-01
1.662773619461223040e-01 -4.536861605720792223e-01
3.394714337293479600e-01 3.763226427447136091e-01
4.358538125661460816e-01 -4.927205364049844771e-01
-1.866210029329876674e-01 3.631232882664897632e-01
-3.470614386620751723e-01 -3.593264906258708535e-02
4.556853383352131859e-01 4.930181272352109900e-01
-4.899088814402339231e-01 1.839636246044221712e-01
2.564924248414489627e-01 3.892644019959775603e-01
-4.841837460616011946e-01 4.284345421510898921e-01
3.457687154109617689e-01 -4.485101981292873852e-01
-4.228005951849450605e-01 -2.524660041721304982e-01
4.771709400303011384e-01 -4.642183067538928620e-01
2.156042672389976156e-01 -3.417700513815469243e-02
-2.043190324908429334e-01 2.703554193858616062e-01
1.458181155627421566e-01 -4.532028788183058987e-01
-2.045936439929131323e-01 -1.089936962951345567e-01
9.344074471982788399e-02 3.604485313938956548e-01
-1.284902714837359294e-01 -1.517838094609044175e-01
2.779845131013308768e-01 1.631351517676984386e-01
-4.111579823735902472e-01 1.602426562484763339e-01
-3.242600211381417852e-01 -2.085701214681824345e-01
-1.804643475563876276e-01 1.432613909870756874e-01
2.980813528843895277e-02 -2.647968098241646473e-01
-1.001197551462879032e-01 -4.539184447459375660e-01
-1.317101333690687825e-01 -6.400029772375803727e-02
-3.579327177056919052e-01 -2.998790809406270963e-02
-4.080605812603573801e-01 -3.541501581859405334e-01
1.956235326968551735e-01 -2.057187530216378901e-01
-1.617014200659688816e-01 4.269568738619331505e-01
-4.617245335977716580e-01 -3.631293330488190030e-01
-1.263446360916925526e-01 4.719026634744695192e-01
-1.131524159831965859e-01 -4.358207405967903236e-01
-3.348573163666155317e-01 1.816335345926617384e-01
1.658872009431479055e-01 3.030193799539141475e-01
-2.553763266338744398e-01 -3.639112218230875495e-01
3.579654097236836252e-01 -4.570153292943033296e-01
2.007588687833895547e-01 1.679869133046508756e-01
6.592335653796310702e-02 -1.448791041149144476e-01
1.338979749723882007e-01 -1.561957194447888275e-01
8.543263219330987646e-02 2.167964000718060058e-01
-1.437477248665671725e-01 -2.815613936660237293e-01
2.699541634207798246e-01 -2.244045451876299779e-01
-2.521004452274216989e-01 2.306981435008703674e-01
3.075499372917370744e-01 -4.193427365324520206e-01
-6.157407054108454680e-02 -4.706328963391067655e-01
-4.711283639367580545e-02 3.625826133115833683e-01
-2.544713430326287495e-01 -3.639632646545334360e-01
1.364088299582677521e-03 3.316622993578677292e-01
4.333482243975659287e-01 4.015211796297982749e-01
1.341675650088148819e-01 -2.964529069806017825e-01
-1.519719219576362024e-01 1.929404246627455244e-01
4.355151569347603946e-02 2.961020849825080070e-01
3.454258109091967732e-02 1.348240933262911945e-03
3.124362077057685205e-03 3.400111112069330588e-01
-2.907832484907760806e-01 -3.218867824126432353e-01
-4.802007781022603616e-01 -4.647828241889270240e-01
6.808272557374261957e-02 -5.083331523326406476e-03
-3.845354010788208932e-01 -1.469793146036937337e-01
1.784828530566631155e-01 1.060805326315029662e-01
1.539902415700953320e-01 2.423697510969687885e-01
2.756123661607977615e-01 9.027051047461209787e-02
-1.943600706640201681e-01 1.645446017819240936e-02
-1.906913675150545551e-02 5.359568931529024027e-02
-2.644137486811993787e-01 9.161209768561962008e-02
-2.998731599498659639e-01 -4.909223567134882726e-01
4.037706342253584157e-01 -1.395072559343127905e-01
-2.319304275829319195e-01 -3.024185409137627456e-01
4.459826923607064231e-01 2.106480043003758906e-01
-4.607964777349876639e-01 -1.808551429526471521e-01
4.095017666287834590e-01 3.294571441104443554e-01
1.210562953100970951e-01 -2.141332084290743509e-01
4.389586095288251499e-01 -1.721908078130798270e-01
-2.016633862258255805e-01 -2.815269907536903649e-01
4.010377973993395351e-03 -1.925039112931364871e-01
-4.390606200715098106e-01 -3.351106993295123182e-01
1.926195259320777620e-01 -4.787778964417127581e-01
4.156953374023342196e-02 1.544133178062823131e-02
-6.271757508916486756e-02 3.305248980396883196e-01
-4.534643102621822575e-01 1.079573049281955521e-01
1.951990935856451337e-02 -1.358743383463896226e-01
-3.918309935689890944e-01 3.074959493207929384e-01
3.638147474397945835e-03 -1.646529516621599853e-01
1.749090503337459301e-01 -3.925018367772812322e-01
2.126508876989740005e-01 9.454809924254781173e-02
-1.094295857958604845e-02 -3.770822596674926475e-01
1.706738283612134754e-01 -4.394349795430072536e-01
3.005817622456409266e-01 8.705828267684267985e-02
-4.606005754815843956e-01 3.241325058720063712e-01
-4.644711032541173346e-01 -2.304595748974578306e-01
1.322337205874797306e-01 -1.723834450202107460e-01
2.155634455217791956e-02 -3.139766035685417345e-01
1.250544753002946763e-01 -2.924023740439930519e-01
9.631779305403387337e-02 2.172689562472275293e-01
-2.071165636610136085e-01 1.028948947542100978e-01
-2.243966800895822455e-01 -1.893147811299142891e-01
1.674850037493336163e-02 -1.725048222743638116e-01
-2.123544656581504153e-01 -4.379972457465137747e-01
-3.106939087841690261e-01 -3.073736294791452606e-01
3.946303504681474283e-01 3.317677361851528728e-01
4.019658662850845721e-01 -8.429485996117125346e-02
3.495910850549959203e-01 -3.697384898359398209e-01
2.440005722493732154e-02 -7.506575782862989765e-02
-3.029584406451513168e-02 3.393821694384220322e-01
2.337704365465212986e-01 2.595067177439541739e-01
-2.399515750667623459e-01 3.508244261762042404e-01
-8.928059841324431645e-02 2.062727200290753737e-01
-1.698059170265601159e-01 -3.834061280340400613e-01
-1.043265976104074122e-01 1.636777839003120683e-01
5.458718107629378924e-02 4.717758652586534485e-02
1.947547074776611042e-01 2.825473608592612429e-01
-3.767034889722166158e-01 4.901046526115885316e-01
-4.425129074022282616e-02 3.742933210028391855e-01
-4.481019578690371707e-01 3.728803424177862258e-01
-2.897293592945549001e-01 2.231171746956198687e-01
4.080402095389265016e-01 -7.152287409065827273e-02
3.117551525055752837e-01 1.694873410460611129e-01
2.591749998410387557e-01 3.583280288369827815e-01
3.625325342174512411e-02 -2.745238042063442574e-01
-4.458369828335556617e-01 -1.299985319668893746e-01
-2.082785932860274913e-01 4.622821009427251493e-01
-3.851516462641692007e-01 1.424321481875334694e-02
-4.677120191860190124e-01 -2.836506563620416754e-01
1.481174258268228572e-01 6.449693985537741092e-02
-3.346247432937061728e-01 -3.244209116468378395e-01
-1.737258785804995931e-02 -1.328049561123841871e-01
-1.353528479760470749e-01 1.785499202760627568e-01
1.065988279917203796e-01 -2.107458661647847453e-01
3.843976755602092066e-01 -6.373244071797845578e-02
2.513317752706860642e-01 -3.072227875878563719e-01
3.647317585005822593e-01 -8.176120800985509085e-02
-2.451294310988267888e-01 4.687428119507048851e-01
3.090943730264047451e-01 2.748239692508995802e-01
-4.543578380918156245e-02 -4.148262934927562373e-01
-6.056311771095845842e-02 -2.000959637935526558e-01
2.515618929124192604e-01 -4.300160648189184087e-01
1.057046627112704362e-01 -1.349694767177705979e-01
6.037322834732605781e-02 -7.403014932356588584e-02
-4.844313111617228884e-01 1.845411815074518014e-01
-2.998763191505899872e-01 2.841860181884791059e-01
2.064566397902704020e-01 -4.063709608556176356e-03
-4.901143787981706579e-01 1.716680210688881214e-01
-4.239749298466304328e-01 4.643359152291823833e-01
3.669627019336467733e-01 -3.574947428463426391e-03
3.729212992865427179e-02 4.095928559379172773e-01
4.125477737793296074e-01 3.490597184341468484e-01
4.047235732019927035e-02 1.158091983536523317e-01
1.392198170231063736e-01 -1.401498923103963179e-01
2.475138487817258870e-01 3.349101444580093734e-02
1.622048314077662035e-02 -2.313933880214207317e-01
1.507990750119525547e-01 -6.112162828087908117e-02
4.736516836620086046e-01 1.762681078892887054e-01
2.959874714267413109e-01 -3.541171284224209348e-02
3.562484088294137763e-02 -1.273319095426167502e-01
2.492157747962328029e-01 4.797770577863291752e-02
4.492337716869908570e-01 3.771913414913176110e-01
-3.792858151807632083e-05 -3.088426662483371166e-01
-9.207169360450617734e-02 -5.506582496516188030e-02
3.732817281007827503e-02 -3.281758386524521454e-01
-4.094397288440996263e-01 -4.354845505845607034e-01
4.977952686257660631e-01 3.064312720399302581e-01
4.864146289535017376e-01 1.635840008453066652e-01
2.383271656086179968e-01 2.283035668939111806e-01
-4.224820003764027110e-01 -3.622810330183723337e-02
-3.802106115860391933e-01 1.869174310364929426e-01
7.039546972300614325e-02 -2.537823565665560110e-01
-2.755292202596177908e-01 -2.361555659061440604e-01
-4.850336092991023307e-01 -2.342501101460229274e-01
-2.582799770010166807e-01 -2.361711012187628356e-02
4.203276998974327938e-01 -2.359317862632955842e-01
